12
3.5714285537091017e-01	3.5714285537091017e-01	
0.0000000000000000e+00	0.0000000000000000e+00	
5.0000000000000000e-01	0.0000000000000000e+00	
0.0000000000000000e+00	5.0000000000000000e-01	
6.9999999999999996e-01	2.9999999999999999e-01	
2.9999999999999999e-01	6.9999999999999996e-01	
6.4285714462908983e-01	6.4285714462908983e-01	
1.0000000000000000e+00	0.0000000000000000e+00	
0.0000000000000000e+00	1.0000000000000000e+00	
1.0000000000000000e+00	5.0000000000000000e-01	
5.0000000000000000e-01	1.0000000000000000e+00	
1.0000000000000000e+00	1.0000000000000000e+00	

12
0
1	0 
1	0 
0
1
1	1 
1	1 
1
2
1	2 
1	2 
1
3
1	3 
1	3 
1
4
1	4 
1	4 
0
5
1	5 
1	5 
0
6
1	6 
1	6 
0
7
1	7 
1	7 
1
8
1	8 
1	8 
1
9
1	9 
1	9 
1
10
1	10 
1	10 
1
11
1	11 
1	11 
1

25
0
2	1 0 
2	1 0 
0
1
2	2 0 
2	2 0 
0
2
2	1 2 
2	1 2 
1
3
2	3 0 
2	3 0 
0
4
2	0 4 
2	0 4 
0
5
2	1 3 
2	1 3 
1
6
2	0 5 
2	0 5 
0
7
2	0 6 
2	0 6 
0
8
2	2 4 
2	2 4 
0
9
2	3 5 
2	3 5 
0
10
2	2 7 
2	2 7 
1
11
2	4 6 
2	4 6 
0
12
2	6 5 
2	6 5 
0
13
2	8 3 
2	8 3 
1
14
2	7 4 
2	7 4 
0
15
2	9 4 
2	9 4 
0
16
2	8 5 
2	8 5 
0
17
2	9 6 
2	9 6 
0
18
2	10 5 
2	10 5 
0
19
2	7 9 
2	7 9 
1
20
2	10 6 
2	10 6 
0
21
2	11 6 
2	11 6 
0
22
2	10 8 
2	10 8 
1
23
2	9 11 
2	9 11 
1
24
2	11 10 
2	11 10 
1

14
0
3	0 1 2 
3	2 1 0 
0
1
3	0 3 1 
3	5 0 3 
0
2
3	0 2 4 
3	8 4 1 
0
3
3	0 5 3 
3	9 3 6 
0
4
3	6 0 4 
3	4 11 7 
0
5
3	6 5 0 
3	6 7 12 
0
6
3	4 2 7 
3	10 14 8 
0
7
3	5 8 3 
3	13 9 16 
0
8
3	4 9 6 
3	17 11 15 
0
9
3	4 7 9 
3	19 15 14 
0
10
3	6 10 5 
3	18 12 20 
0
11
3	5 10 8 
3	22 16 18 
0
12
3	6 9 11 
3	23 21 17 
0
13
3	6 11 10 
3	24 20 21 
0
